0,494
0,493
0,492
0,433
0,432
0,431
0,430
0,489
0,488
0,507
0,427
0,524
0,422
0,421
0,420
0,483
0,419
41,3
41,2
0,532
0,482
41,1
41,0
0,415
0,481
0,413
0,523
0,405
0,403
0,402
0,531
0,298
0,296
0,385
0,384
0,319
0,399
0,316
0,396
0,395
0,394
0,393
0,392
0,391
0,390
33,1
33,170
33,0
0,386
0,291
0,283
0,315
0,281
0,280
0,269
0,517
0,516
0,527
14,5
14,4
35,7
35,6
35,5
35,4
35,3
35,2
29,3
0,525
0,496
34,5
34,4
34,2
34,3
0,511
0,490
0,522
33,5
33,4
33,3
33,2
0,504
0,484
0,278
40,4
40,3
40,2
0,529
40,1
40,0
31,5
0,475
39,3
39,2
0,472
39,1
39,0
38,3
38,2
0,530
0,310
38,1
38,0
0,272
0,271
37,3
37,2
0,12
0,275
0,276
0,9
37,1
37,0
0,7
0,299
0,528
0,289
0,467
0,277
0,303
28,5
28,4
28,3
0,297
25,5
27,3
27,5
34,22
0,292
34,21
34,20
34,19
34,18
34,17
0,5
0,290
0,288
0,286
0,243
0,285
0,284
35,13
35,12
0,282
0,313
25,3
25,4
33,169
0,312
0,279
24,3
24,4
33,168
34,16
0,515
0,498
23,35
0,526
34,15
34,14
34,13
34,12
34,11
0,514
0,513
0,512
0,497
35,11
35,10
0,495
35,9
35,8
33,167
34,10
34,9
34,8
34,7
34,6
0,487
0,486
0,510
0,485
0,509
0,508
0,506
0,521
0,505
0,520
0,479
0,518
0,478
0,477
0,474
0,476
0,503
0,473
0,502
